-90 0 0 0 0 0 0 0 0 0
  -5.000  -0.6164   0.01432   0.00667   0.0089  1.0000  0.3080  -2.0307   0.0000   0.2585
  -4.500  -0.5767   0.01352   0.00620   0.0117  1.0000  0.3834  -1.8042   0.0000   0.2647
  -4.000  -0.5353   0.01292   0.00589   0.0142  1.0000  0.4568  -1.6109   0.0000   0.2714
  -3.500  -0.4927   0.01246   0.00572   0.0166  1.0000  0.5289  -1.4205   0.0000   0.2790
  -3.000  -0.4486   0.01214   0.00563   0.0188  1.0000  0.5993  -1.2378   0.0000   0.2876
  -2.500  -0.4044   0.01195   0.00576   0.0211  1.0000  0.6686  -1.0823   0.0000   0.2981
  -2.000  -0.3614   0.01195   0.00601   0.0235  1.0000  0.7377  -0.9410   0.0000   0.3114
  -1.000  -0.2072   0.01250   0.00690   0.0164  0.9708  0.8663  -0.6424   0.0000   0.3259
  -0.500  -0.1114   0.01283   0.00725   0.0097  0.9520  0.9087  -0.5190   0.0000   0.3345
   0.000   0.0000   0.01300   0.00741  -0.0000  0.9346  0.9346  -0.4116   0.0000   0.3456
   0.500   0.1114   0.01283   0.00725  -0.0097  0.9087  0.9520  -0.5190   0.0000   0.3345
   1.000   0.2072   0.01250   0.00690  -0.0164  0.8663  0.9708  -0.6424   0.0000   0.3259
   1.500   0.2937   0.01216   0.00648  -0.0215  0.8066  0.9907  -0.7884   0.0000   0.3197
   2.000   0.3613   0.01195   0.00601  -0.0235  0.7378  1.0000  -0.9408   0.0000   0.3114
   2.500   0.4043   0.01195   0.00576  -0.0211  0.6686  1.0000  -1.0821   0.0000   0.2981
   3.000   0.4485   0.01214   0.00563  -0.0188  0.5994  1.0000  -1.2376   0.0000   0.2876
   3.500   0.4925   0.01246   0.00572  -0.0166  0.5289  1.0000  -1.4202   0.0000   0.2790
   4.000   0.5351   0.01292   0.00588  -0.0142  0.4569  1.0000  -1.6106   0.0000   0.2714
   4.500   0.5766   0.01352   0.00620  -0.0116  0.3835  1.0000  -1.8040   0.0000   0.2647
   5.000   0.6163   0.01432   0.00667  -0.0089  0.3081  1.0000  -2.0304   0.0000   0.2585
   5.500   0.6544   0.01538   0.00742  -0.0059  0.2359  1.0000  -2.2626   0.0000   0.2527
   6.000   0.6906   0.01677   0.00841  -0.0027  0.1772  1.0000  -2.4879   0.0000   0.2472
   6.500   0.7275   0.01830   0.00971   0.0004  0.1389  1.0000  -2.7097   0.0000   0.2421
   7.000   0.7656   0.01979   0.01117   0.0035  0.1129  1.0000  -2.9327   0.0000   0.2378
   7.500   0.8042   0.02167   0.01306   0.0064  0.0965  1.0000  -3.2044   0.0000   0.2339
   8.000   0.8440   0.02388   0.01526   0.0089  0.0842  1.0000  -3.4814   0.0000   0.2308
   8.500   0.8839   0.02601   0.01736   0.0111  0.0734  1.0000  -3.7747   0.0000   0.2283
   9.000   0.9240   0.02868   0.02041   0.0135  0.0670  1.0000  -4.0260   0.0000   0.2257
   9.500   0.9623   0.03147   0.02340   0.0157  0.0616  1.0000  -4.2909   0.0000   0.2234
  10.000   0.9910   0.03657   0.02900   0.0186  0.0580  1.0000  -4.4533   0.0000   0.2205
  10.500   1.0130   0.03993   0.03294   0.0224  0.0536  1.0000  -4.6280   0.0000   0.2167
  11.000   1.0328   0.04341   0.03673   0.0255  0.0503  1.0000  -4.8291   0.0000   0.2134
  11.500   1.0402   0.04863   0.04227   0.0290  0.0485  1.0000  -4.9478   0.0000   0.2096
  12.000   1.0164   0.05579   0.04992   0.0339  0.0477  1.0000  -4.9143   0.0000   0.2034
  12.500   0.9745   0.06380   0.05840   0.0359  0.0477  1.0000  -4.8018   0.0000   0.1991
  13.000   0.7225   0.12158   0.11709  -0.0025  0.0611  1.0000  -2.7423   0.0000   0.2393
  14.000   0.6864   0.15912   0.15460  -0.0154  0.0866  1.0000  -1.9905   0.0000   0.2583
  14.500   0.6653   0.16842   0.16384  -0.0255  0.0788  1.0000  -1.7450   0.0000   0.2737
  15.000   0.6850   0.17488   0.17031  -0.0261  0.0748  1.0000  -1.8619   0.0000   0.2729
90 0 0 0 0 0 0 0 0 0

